0 (-5, , )
1 (8, , )
2 (*, 0, 1)
3 (b, , )
4 (+, 2, 3)
5 (a, , )
6 (=, 5, 4)
7 (2.3, , )
8 (2.3, , )
9 (CMP, 7, 8)
10 (BNE, 12, )
11 (BI, 16, )
12 (1, , )
13 (1, , )
14 (CMP, 12, 13)
15 (BNE, 26, )
16 (5, , )
17 (a, , )
18 (/, 16, 17)
19 (2, , )
20 (-, 18, 19)
21 (1, , )
22 (+, 20, 21)
23 (b, , )
24 (=, 23, 22)
25 (BI, 7, )
26 (2, , )
27 (1, , )
28 (*, 26, 27)
29 (1, , )
30 (-, 28, 29)
31 (1, , )
32 (CMP, 30, 31)
33 (BNE, 53, )
34 (2, , )
35 (a, , )
36 (b, , )
37 (+, 35, 36)
38 (+, 34, 37)
39 (c, , )
40 (d, , )
41 (e, , )
42 (+, 40, 41)
43 (*, 39, 42)
44 (+, 38, 43)
45 (48, , )
46 (2, , )
47 (+, 45, 46)
48 (+, 44, 47)
49 (4, , )
50 (/, 48, 49)
51 (a, , )
52 (=, 51, 50)
53 (a, , )
54 (2, , )
55 (b, , )
56 (*, 54, 55)
57 (7, , )
58 (+, 56, 57)
59 (CMP, 53, 58)
60 (BEQ, 77, )
61 (12, , )
62 (CMP, 53, 61)
63 (BEQ, 77, )
64 (a, , )
65 (b, , )
66 (34, , )
67 (d, , )
68 (+, 66, 67)
69 (*, 65, 68)
70 (+, 64, 69)
71 (CMP, 53, 70)
72 (BEQ, 77, )
73 (48, , )
74 (CMP, 53, 73)
75 (BEQ, 77, )
76 (BI, 94, )
77 (b, , )
78 (1, , )
79 (CMP, 77, 78)
80 (BNE, 94, )
81 (1, , )
82 (a, , )
83 (=, 82, 81)
84 (C, , )
85 (10, , )
86 (CMP, 84, 85)
87 (BNE, 93, )
88 (a, , )
89 (1, , )
90 (+, 88, 89)
91 (a, , )
92 (=, 91, 90)
93 (BI, 53, )
94 (E, , )
95 ("Holaa    Mundo", , )
96 (CMP, 94, 95)
97 (BEQ, 102, )
98 (E, , )
99 (D, , )
100 (=, 99, 98)
101 (BI, 107, )
102 (D, , )
103 (E, , )
104 (=, 103, 102)
105 (E, , )
106 (READ, 105, )
107 ("Compilacion Exitosa", , )
108 (WRITE, 107, )
